15
 3  3  3  3 -1  3 -1  4 -1 -1  2 -1  3 -1  2
 4 -1  6  6  6 -1 -1 -1 -1  7 -1  5  5 -1  3
-1  3 -1  5 -1  3  3  5  7  6 -1  4  4 -1  2
-1 -1 -1 -1 -1 -1  4  5 -1  5  6  3  4 -1  3
-1  4  5  3 -1 -1  7 -1  6 -1 -1 -1 -1 -1 -1
 5 -1  4  3 -1 -1 -1 -1 -1 -1  5 -1 -1  5 -1
 5  5  4  3 -1 -1  7  9  8 -1 -1 -1  6  5  2
 5  5 -1 -1 -1 -1  6  8  7 -1 -1  7  7  5  2
 5 -1  4  4 -1 -1  6  6  6  5 -1 -1  7 -1 -1
 3  5 -1  5  6  6  6 -1 -1  3 -1 -1  5 -1 -1
-1 -1  3  4 -1 -1 -1 -1 -1  3 -1  5 -1  5  2
-1  4 -1 -1  5 -1 -1 -1 -1 -1 -1  5  6  6 -1
-1  3  3 -1  6  7  5 -1 -1  5  4  5  6 -1 -1
 1 -1 -1 -1  5 -1  3  2 -1  3 -1  4  6  6 -1
 0  1 -1 -1 -1 -1 -1  2 -1 -1 -1  2  3 -1  1
