15
-1 -1  3  3  4 -1  3 -1 -1 -1 -1  1 -1 -1  1
-1  4 -1 -1 -1 -1 -1  4  4  4 -1 -1  1 -1 -1
 4 -1  5 -1 -1  5  7  4  4  4  4  3  1  2 -1
-1  3 -1  2 -1  5  7  4 -1  4 -1 -1 -1 -1 -1
 2 -1  5 -1  7  5 -1 -1  3  4  4  5 -1  5 -1
-1  2  5 -1 -1 -1 -1  3  3  3 -1  3  3  3 -1
-1 -1  5  5 -1 -1 -1  4 -1  3 -1  2  1 -1  2
 1 -1  5  5 -1 -1  6 -1  2 -1 -1 -1 -1 -1  2
-1 -1 -1  3  3 -1  4 -1 -1  4  4  7 -1 -1  3
-1 -1  4  4  5  4  2  2 -1 -1 -1  7  6  5 -1
-1  2 -1 -1  4 -1  0 -1  2  3  4 -1  4  4 -1
 1 -1  5  8  7 -1 -1  0  3  3  4 -1 -1 -1  1
-1 -1 -1  6  5 -1 -1  3  5 -1  3  3 -1 -1 -1
-1 -1 -1 -1  6 -1 -1  4 -1 -1 -1 -1  3 -1 -1
 2 -1  4 -1 -1 -1 -1 -1  5  5  3 -1  1 -1  0
